# oST version 5.0 parameters


[image]

width
640

height
480

[narrow_stereo]

camera matrix
1207.057638 0.000000 385.955721
0.000000 1206.133288 232.692430
0.000000 0.000000 1.000000

distortion
-0.268044 0.848803 0.000805 0.000808 0.000000

rectification
1.000000 0.000000 0.000000
0.000000 1.000000 0.000000
0.000000 0.000000 1.000000

projection
1187.969360 0.000000 387.483362 0.000000
0.000000 1194.759277 232.691453 0.000000
0.000000 0.000000 1.000000 0.000000

